{
 "cells": [
  {
   "cell_type": "code",
   "execution_count": 105,
   "id": "e25226d1",
   "metadata": {},
   "outputs": [
    {
     "name": "stdout",
     "output_type": "stream",
     "text": [
      "The computed eigenvalues are:\n",
      " [5. 2. 1.]\n",
      "\n",
      "The corresponding eigenvectors are:\n",
      " [[-4.08248290e-01  5.77350269e-01 -7.07106781e-01]\n",
      " [-8.16496581e-01 -5.77350269e-01  5.42510932e-16]\n",
      " [-4.08248290e-01  5.77350269e-01  7.07106781e-01]]\n",
      "\n",
      "The singular values are:\n",
      " [2.23606798 1.41421356 1.        ]\n",
      "\n",
      "The singular value matrix S is: \n",
      "[[2.23606798 0.         0.        ]\n",
      " [0.         1.41421356 0.        ]\n",
      " [0.         0.         1.        ]\n",
      " [0.         0.         0.        ]\n",
      " [0.         0.         0.        ]]\n",
      "\n",
      "The orthogonal (n x n) matrix V is:\n",
      " [[-4.08248290e-01  5.77350269e-01 -7.07106781e-01]\n",
      " [-8.16496581e-01 -5.77350269e-01  5.42510932e-16]\n",
      " [-4.08248290e-01  5.77350269e-01  7.07106781e-01]]\n",
      "\n",
      "The transpose of the matrix V is:\n",
      " [[-4.08248290e-01 -8.16496581e-01 -4.08248290e-01]\n",
      " [ 5.77350269e-01 -5.77350269e-01  5.77350269e-01]\n",
      " [-7.07106781e-01  5.42510932e-16  7.07106781e-01]]\n",
      "\n",
      "The orthogonal (m x m) matrix U is:\n",
      " [[-3.65148372e-01  8.16496581e-01  2.69385278e-17  3.99190667e-01\n",
      "   2.01610543e-01]\n",
      " [-3.65148372e-01 -4.08248290e-01  5.42510932e-16  7.17964925e-01\n",
      "  -4.29565322e-01]\n",
      " [-5.47722558e-01  7.23707412e-17  7.07106781e-01 -3.99190667e-01\n",
      "  -2.01610543e-01]\n",
      " [-3.65148372e-01 -4.08248290e-01  5.42510932e-16  8.04164093e-02\n",
      "   8.32786408e-01]\n",
      " [-5.47722558e-01 -5.55666242e-16 -7.07106781e-01 -3.99190667e-01\n",
      "  -2.01610543e-01]]\n",
      "\n",
      "The matrix A can be represented as the matrix decomposition: A = U S V^T\n"
     ]
    }
   ],
   "source": [
    "import numpy as np\n",
    "\n",
    "# goal: compute the singular value decomposition (SVD) into A = U S V^T\n",
    "\n",
    "A = np.array([\n",
    "    [1, 0, 1],\n",
    "    [0, 1, 0],\n",
    "    [0, 1, 1],\n",
    "    [0, 1, 0],\n",
    "    [1, 1, 0]\n",
    "])\n",
    "\n",
    "m, n = np.shape(A)\n",
    "# compute A^TA\n",
    "A_tr_A = A.T @ A\n",
    "A_tr_A\n",
    "\n",
    "eigenvalues, eigenvectors = np.linalg.eig(A_tr_A)\n",
    "# need to arrange in descending order\n",
    "sorted_indices = np.argsort(eigenvalues)[::-1]\n",
    "eigenvalues = eigenvalues[sorted_indices]\n",
    "eigenvectors = eigenvectors[:, sorted_indices]\n",
    "\n",
    "print(f\"The computed eigenvalues are:\\n {eigenvalues}\\n\")\n",
    "print(f\"The corresponding eigenvectors are:\\n {eigenvectors}\\n\")\n",
    "\n",
    "# singular values are the positive square roots of the nonzero eigenvalues of A^T.A\n",
    "s_i = np.sqrt(eigenvalues)\n",
    "\n",
    "S = np.zeros((m, n)) # creates a matrix with the same size as A\n",
    "np.fill_diagonal(S, s_i) # filling in diagonal points with singular values\n",
    "\n",
    "print(f\"The singular values are:\\n {s_i}\\n\")\n",
    "print(f\"The singular value matrix S is: \\n{S}\\n\")\n",
    "\n",
    "# V should be n x n\n",
    "V = eigenvectors\n",
    "V_tr = V.T\n",
    "\n",
    "print(f\"The orthogonal (n x n) matrix V is:\\n {V}\\n\")\n",
    "print(f\"The transpose of the matrix V is:\\n {V_tr}\\n\")\n",
    "\n",
    "# U should be (m x m)\n",
    "U = np.zeros((m, m))\n",
    "\n",
    "for i in range(n):\n",
    "    U[:, i] = (1 / s_i[i]) * A @ V[:, i]\n",
    "\n",
    "# need to find column vectors u_4 and u_5 such that U is orthogonal (i.e. all columns are linearly independent and orthonormal)\n",
    "\n",
    "u1, u2, u3 = U[:, 0], U[:, 1], U[:, 2]\n",
    "\n",
    "X1 = u1\n",
    "X2 = u2\n",
    "X3 = u3\n",
    "# Perform Gram-Schmidt process\n",
    "X4 = np.random.rand(m)\n",
    "X4 = X4 - np.dot(u1, X4) / np.dot(u1, u1) * u1 - np.dot(u2, X4) / np.dot(u2, u2) * u2 - np.dot(u3, X4) / np.dot(u3, u3) * u3\n",
    "X4 = X4 / np.linalg.norm(X4)\n",
    "X5 = np.random.rand(m)\n",
    "X5 = X5 - np.dot(u1, X5) / np.dot(u1, u1) * u1 - np.dot(u2, X5) / np.dot(u2, u2) * u2 - np.dot(u3, X5) / np.dot(u3, u3) * u3 - np.dot(X4, X5) / np.dot(X4, X4) * X4\n",
    "X5 = X5 / np.linalg.norm(X5)\n",
    "\n",
    "U[:, -2] = X4\n",
    "U[:, -1] = X5\n",
    "\n",
    "print(f\"The orthogonal (m x m) matrix U is:\\n {U}\\n\")\n",
    "\n",
    "print(\"The matrix A can be represented as the matrix decomposition: A = U S V^T\")"
   ]
  },
  {
   "cell_type": "code",
   "execution_count": 102,
   "id": "56e1f8da",
   "metadata": {},
   "outputs": [],
   "source": [
    "# A[0] # returns 1st row\n",
    "# A[:, 0] # returns 1st column\n",
    "\n",
    "# A[0: 1] # returns  1st row and stops before 2nd row\n",
    "# A[0: 2] "
   ]
  },
  {
   "cell_type": "code",
   "execution_count": null,
   "id": "370ea809",
   "metadata": {},
   "outputs": [],
   "source": []
  }
 ],
 "metadata": {
  "kernelspec": {
   "display_name": "base",
   "language": "python",
   "name": "python3"
  },
  "language_info": {
   "codemirror_mode": {
    "name": "ipython",
    "version": 3
   },
   "file_extension": ".py",
   "mimetype": "text/x-python",
   "name": "python",
   "nbconvert_exporter": "python",
   "pygments_lexer": "ipython3",
   "version": "3.10.9"
  }
 },
 "nbformat": 4,
 "nbformat_minor": 5
}
